+---------------------------------------------------------------------------------------------------------------------------------------------------------------------------------------------------------------------------------+
; Legal Partition Candidates                                                                                                                                                                                                      ;
+----------------------------+-------+----------------+--------------+----------------+--------+-----------------+---------------+-----------------+-------+----------------+--------------+------------------+-------------------+
; Hierarchy                  ; Input ; Constant Input ; Unused Input ; Floating Input ; Output ; Constant Output ; Unused Output ; Floating Output ; Bidir ; Constant Bidir ; Unused Bidir ; Input only Bidir ; Output only Bidir ;
+----------------------------+-------+----------------+--------------+----------------+--------+-----------------+---------------+-----------------+-------+----------------+--------------+------------------+-------------------+
; pe_block[47].pe_block1.pe1 ; 42    ; 1              ; 0            ; 1              ; 37     ; 1               ; 1             ; 1               ; 0     ; 0              ; 0            ; 0                ; 0                 ;
; pe_block[46].pe_block1.pe1 ; 42    ; 1              ; 0            ; 1              ; 37     ; 1               ; 1             ; 1               ; 0     ; 0              ; 0            ; 0                ; 0                 ;
; pe_block[45].pe_block1.pe1 ; 42    ; 1              ; 0            ; 1              ; 37     ; 1               ; 1             ; 1               ; 0     ; 0              ; 0            ; 0                ; 0                 ;
; pe_block[44].pe_block1.pe1 ; 42    ; 1              ; 0            ; 1              ; 37     ; 1               ; 1             ; 1               ; 0     ; 0              ; 0            ; 0                ; 0                 ;
; pe_block[43].pe_block1.pe1 ; 42    ; 1              ; 0            ; 1              ; 37     ; 1               ; 1             ; 1               ; 0     ; 0              ; 0            ; 0                ; 0                 ;
; pe_block[42].pe_block1.pe1 ; 42    ; 1              ; 0            ; 1              ; 37     ; 1               ; 1             ; 1               ; 0     ; 0              ; 0            ; 0                ; 0                 ;
; pe_block[41].pe_block1.pe1 ; 42    ; 1              ; 0            ; 1              ; 37     ; 1               ; 1             ; 1               ; 0     ; 0              ; 0            ; 0                ; 0                 ;
; pe_block[40].pe_block1.pe1 ; 42    ; 1              ; 0            ; 1              ; 37     ; 1               ; 1             ; 1               ; 0     ; 0              ; 0            ; 0                ; 0                 ;
; pe_block[39].pe_block1.pe1 ; 42    ; 1              ; 0            ; 1              ; 37     ; 1               ; 1             ; 1               ; 0     ; 0              ; 0            ; 0                ; 0                 ;
; pe_block[38].pe_block1.pe1 ; 42    ; 1              ; 0            ; 1              ; 37     ; 1               ; 1             ; 1               ; 0     ; 0              ; 0            ; 0                ; 0                 ;
; pe_block[37].pe_block1.pe1 ; 42    ; 1              ; 0            ; 1              ; 37     ; 1               ; 1             ; 1               ; 0     ; 0              ; 0            ; 0                ; 0                 ;
; pe_block[36].pe_block1.pe1 ; 42    ; 1              ; 0            ; 1              ; 37     ; 1               ; 1             ; 1               ; 0     ; 0              ; 0            ; 0                ; 0                 ;
; pe_block[35].pe_block1.pe1 ; 42    ; 1              ; 0            ; 1              ; 37     ; 1               ; 1             ; 1               ; 0     ; 0              ; 0            ; 0                ; 0                 ;
; pe_block[34].pe_block1.pe1 ; 42    ; 1              ; 0            ; 1              ; 37     ; 1               ; 1             ; 1               ; 0     ; 0              ; 0            ; 0                ; 0                 ;
; pe_block[33].pe_block1.pe1 ; 42    ; 1              ; 0            ; 1              ; 37     ; 1               ; 1             ; 1               ; 0     ; 0              ; 0            ; 0                ; 0                 ;
; pe_block[32].pe_block1.pe1 ; 42    ; 1              ; 0            ; 1              ; 37     ; 1               ; 1             ; 1               ; 0     ; 0              ; 0            ; 0                ; 0                 ;
; pe_block[31].pe_block1.pe1 ; 42    ; 1              ; 0            ; 1              ; 37     ; 1               ; 1             ; 1               ; 0     ; 0              ; 0            ; 0                ; 0                 ;
; pe_block[30].pe_block1.pe1 ; 42    ; 1              ; 0            ; 1              ; 37     ; 1               ; 1             ; 1               ; 0     ; 0              ; 0            ; 0                ; 0                 ;
; pe_block[29].pe_block1.pe1 ; 42    ; 1              ; 0            ; 1              ; 37     ; 1               ; 1             ; 1               ; 0     ; 0              ; 0            ; 0                ; 0                 ;
; pe_block[28].pe_block1.pe1 ; 42    ; 1              ; 0            ; 1              ; 37     ; 1               ; 1             ; 1               ; 0     ; 0              ; 0            ; 0                ; 0                 ;
; pe_block[27].pe_block1.pe1 ; 42    ; 1              ; 0            ; 1              ; 37     ; 1               ; 1             ; 1               ; 0     ; 0              ; 0            ; 0                ; 0                 ;
; pe_block[26].pe_block1.pe1 ; 42    ; 1              ; 0            ; 1              ; 37     ; 1               ; 1             ; 1               ; 0     ; 0              ; 0            ; 0                ; 0                 ;
; pe_block[25].pe_block1.pe1 ; 42    ; 1              ; 0            ; 1              ; 37     ; 1               ; 1             ; 1               ; 0     ; 0              ; 0            ; 0                ; 0                 ;
; pe_block[24].pe_block1.pe1 ; 42    ; 1              ; 0            ; 1              ; 37     ; 1               ; 1             ; 1               ; 0     ; 0              ; 0            ; 0                ; 0                 ;
; pe_block[23].pe_block1.pe1 ; 42    ; 1              ; 0            ; 1              ; 37     ; 1               ; 1             ; 1               ; 0     ; 0              ; 0            ; 0                ; 0                 ;
; pe_block[22].pe_block1.pe1 ; 42    ; 1              ; 0            ; 1              ; 37     ; 1               ; 1             ; 1               ; 0     ; 0              ; 0            ; 0                ; 0                 ;
; pe_block[21].pe_block1.pe1 ; 42    ; 1              ; 0            ; 1              ; 37     ; 1               ; 1             ; 1               ; 0     ; 0              ; 0            ; 0                ; 0                 ;
; pe_block[20].pe_block1.pe1 ; 42    ; 1              ; 0            ; 1              ; 37     ; 1               ; 1             ; 1               ; 0     ; 0              ; 0            ; 0                ; 0                 ;
; pe_block[19].pe_block1.pe1 ; 42    ; 1              ; 0            ; 1              ; 37     ; 1               ; 1             ; 1               ; 0     ; 0              ; 0            ; 0                ; 0                 ;
; pe_block[18].pe_block1.pe1 ; 42    ; 1              ; 0            ; 1              ; 37     ; 1               ; 1             ; 1               ; 0     ; 0              ; 0            ; 0                ; 0                 ;
; pe_block[17].pe_block1.pe1 ; 42    ; 1              ; 0            ; 1              ; 37     ; 1               ; 1             ; 1               ; 0     ; 0              ; 0            ; 0                ; 0                 ;
; pe_block[16].pe_block1.pe1 ; 42    ; 1              ; 0            ; 1              ; 37     ; 1               ; 1             ; 1               ; 0     ; 0              ; 0            ; 0                ; 0                 ;
; pe_block[15].pe_block1.pe1 ; 42    ; 1              ; 0            ; 1              ; 37     ; 1               ; 1             ; 1               ; 0     ; 0              ; 0            ; 0                ; 0                 ;
; pe_block[14].pe_block1.pe1 ; 42    ; 1              ; 0            ; 1              ; 37     ; 1               ; 1             ; 1               ; 0     ; 0              ; 0            ; 0                ; 0                 ;
; pe_block[13].pe_block1.pe1 ; 42    ; 1              ; 0            ; 1              ; 37     ; 1               ; 1             ; 1               ; 0     ; 0              ; 0            ; 0                ; 0                 ;
; pe_block[12].pe_block1.pe1 ; 42    ; 1              ; 0            ; 1              ; 37     ; 1               ; 1             ; 1               ; 0     ; 0              ; 0            ; 0                ; 0                 ;
; pe_block[11].pe_block1.pe1 ; 42    ; 1              ; 0            ; 1              ; 37     ; 1               ; 1             ; 1               ; 0     ; 0              ; 0            ; 0                ; 0                 ;
; pe_block[10].pe_block1.pe1 ; 42    ; 1              ; 0            ; 1              ; 37     ; 1               ; 1             ; 1               ; 0     ; 0              ; 0            ; 0                ; 0                 ;
; pe_block[9].pe_block1.pe1  ; 42    ; 1              ; 0            ; 1              ; 37     ; 1               ; 1             ; 1               ; 0     ; 0              ; 0            ; 0                ; 0                 ;
; pe_block[8].pe_block1.pe1  ; 42    ; 1              ; 0            ; 1              ; 37     ; 1               ; 1             ; 1               ; 0     ; 0              ; 0            ; 0                ; 0                 ;
; pe_block[7].pe_block1.pe1  ; 42    ; 1              ; 0            ; 1              ; 37     ; 1               ; 1             ; 1               ; 0     ; 0              ; 0            ; 0                ; 0                 ;
; pe_block[6].pe_block1.pe1  ; 42    ; 1              ; 0            ; 1              ; 37     ; 1               ; 1             ; 1               ; 0     ; 0              ; 0            ; 0                ; 0                 ;
; pe_block[5].pe_block1.pe1  ; 42    ; 1              ; 0            ; 1              ; 37     ; 1               ; 1             ; 1               ; 0     ; 0              ; 0            ; 0                ; 0                 ;
; pe_block[4].pe_block1.pe1  ; 42    ; 1              ; 0            ; 1              ; 37     ; 1               ; 1             ; 1               ; 0     ; 0              ; 0            ; 0                ; 0                 ;
; pe_block[3].pe_block1.pe1  ; 42    ; 1              ; 0            ; 1              ; 37     ; 1               ; 1             ; 1               ; 0     ; 0              ; 0            ; 0                ; 0                 ;
; pe_block[2].pe_block1.pe1  ; 42    ; 1              ; 0            ; 1              ; 37     ; 1               ; 1             ; 1               ; 0     ; 0              ; 0            ; 0                ; 0                 ;
; pe_block[1].pe_block1.pe1  ; 42    ; 1              ; 0            ; 1              ; 37     ; 1               ; 1             ; 1               ; 0     ; 0              ; 0            ; 0                ; 0                 ;
; pe_block[0].pe_block0.pe0  ; 42    ; 34             ; 0            ; 34             ; 37     ; 34              ; 34            ; 34              ; 0     ; 0              ; 0            ; 0                ; 0                 ;
+----------------------------+-------+----------------+--------------+----------------+--------+-----------------+---------------+-----------------+-------+----------------+--------------+------------------+-------------------+
